1.422310441732406616e+01
1.100636768341064453e+01
9.254209578037261963e+00
8.765922427177429199e+00
8.543474674224853516e+00
8.364935576915740967e+00
7.902267634868621826e+00
7.828521788120269775e+00
7.770105779170989990e+00
7.728984832763671875e+00
7.600926458835601807e+00
7.557735502719879150e+00
7.447093784809112549e+00
7.291327536106109619e+00
7.349556803703308105e+00
7.027016103267669678e+00
6.623119294643402100e+00
6.616218686103820801e+00
6.645719468593597412e+00
7.146604657173156738e+00
6.712928831577301025e+00
6.903363585472106934e+00
6.428642094135284424e+00
6.146277308464050293e+00
6.256446778774261475e+00
6.233712434768676758e+00
6.110990703105926514e+00
5.925719618797302246e+00
6.017589092254638672e+00
5.876851022243499756e+00
5.603938102722167969e+00
5.537192821502685547e+00
5.861842095851898193e+00
5.561387598514556885e+00
5.806860864162445068e+00
5.623470485210418701e+00
5.646459162235260010e+00
5.285803020000457764e+00
5.297151625156402588e+00
5.276793658733367920e+00
5.377647340297698975e+00
5.223760545253753662e+00
5.087601125240325928e+00
5.077933490276336670e+00
4.974359631538391113e+00
4.656490027904510498e+00
4.754376947879791260e+00
4.824689686298370361e+00
4.607310891151428223e+00
4.611170887947082520e+00
4.300479054450988770e+00
4.615882933139801025e+00
4.612808227539062500e+00
4.528182744979858398e+00
4.571437716484069824e+00
4.188376903533935547e+00
4.004990994930267334e+00
4.642474472522735596e+00
4.168378353118896484e+00
3.919019520282745361e+00
3.965141475200653076e+00
4.082573950290679932e+00
3.989065945148468018e+00
3.560570359230041504e+00
3.920366227626800537e+00
4.170417845249176025e+00
4.235518813133239746e+00
3.687223732471466064e+00
3.434965491294860840e+00
3.311573147773742676e+00
3.399069607257843018e+00
3.431455612182617188e+00
3.399396359920501709e+00
3.493084073066711426e+00
3.150692760944366455e+00
3.382153868675231934e+00
3.135110080242156982e+00
3.199986755847930908e+00
3.123794734477996826e+00
3.028470456600189209e+00
3.356105327606201172e+00
3.075656116008758545e+00
3.008288621902465820e+00
2.788571834564208984e+00
2.867653012275695801e+00
2.930559873580932617e+00
3.103752672672271729e+00
2.994479119777679443e+00
2.790400803089141846e+00
2.633803546428680420e+00
2.734258592128753662e+00
2.538121163845062256e+00
2.574276268482208252e+00
2.619105517864227295e+00
2.670799791812896729e+00
2.524731338024139404e+00
