5.795996785163879395e-01
7.888270616531372070e-01
8.224664330482482910e-01
8.449341654777526855e-01
8.531816005706787109e-01
8.575046062469482422e-01
8.689138889312744141e-01
8.769105672836303711e-01
8.883153200149536133e-01
8.946217298507690430e-01
9.048069119453430176e-01
9.078482389450073242e-01
9.022300243377685547e-01
9.072121977806091309e-01
9.187954068183898926e-01
9.287167787551879883e-01
9.303351044654846191e-01
9.164142012596130371e-01
9.275784492492675781e-01
9.233903884887695312e-01
