8.039689660072326660e-01
8.497057557106018066e-01
8.747001290321350098e-01
8.909263610839843750e-01
8.979222774505615234e-01
8.996838331222534180e-01
9.097881913185119629e-01
9.161895513534545898e-01
9.173880815505981445e-01
9.240885972976684570e-01
9.276405572891235352e-01
9.292987585067749023e-01
9.295995831489562988e-01
9.361085891723632812e-01
9.366424083709716797e-01
9.375476837158203125e-01
9.367222785949707031e-01
9.364483952522277832e-01
9.406940340995788574e-01
9.432241320610046387e-01
