4.358405005931854248e+01
3.595160371065139771e+01
3.287924301624298096e+01
3.260298645496368408e+01
3.171397185325622559e+01
3.019873905181884766e+01
2.891366641968488693e+01
2.866609264165163040e+01
2.794408021867275238e+01
2.802655457705259323e+01
2.695050244778394699e+01
2.732914143800735474e+01
2.718501337617635727e+01
2.667262646555900574e+01
2.698507842421531677e+01
2.651643308252096176e+01
2.680057172477245331e+01
2.799471006542444229e+01
2.831548617780208588e+01
2.811891905218362808e+01
2.798075702041387558e+01
2.902647795528173447e+01
3.103679561614990234e+01
3.110142105817794800e+01
3.178586851805448532e+01
3.177011325210332870e+01
3.383265103399753571e+01
3.327153273671865463e+01
3.322975774854421616e+01
3.328037986904382706e+01
3.463471803814172745e+01
3.220649182796478271e+01
3.368763554096221924e+01
3.149053826928138733e+01
3.236679935455322266e+01
3.106457135081291199e+01
3.093111163377761841e+01
3.126343372464179993e+01
3.088446453213691711e+01
2.993338868021965027e+01
3.129534420371055603e+01
3.038359883427619934e+01
2.925520828366279602e+01
2.853601387143135071e+01
3.004204970598220825e+01
2.974931573867797852e+01
2.956278929114341736e+01
2.885611581802368164e+01
2.788522782921791077e+01
2.864898359775543213e+01
2.773411726951599121e+01
2.686830040812492371e+01
2.826140192151069641e+01
2.580700832605361938e+01
2.672091686725616455e+01
2.743619433045387268e+01
2.588584864139556885e+01
2.543014121055603027e+01
2.609312292933464050e+01
2.717654347419738770e+01
2.663672375679016113e+01
2.495540255308151245e+01
2.440455192327499390e+01
2.465156555175781250e+01
2.368471863865852356e+01
2.399388426542282104e+01
2.417357695102691650e+01
2.434031730890274048e+01
2.387687957286834717e+01
2.408863174915313721e+01
2.329628992080688477e+01
2.324065402150154114e+01
2.225490096211433411e+01
2.211635681986808777e+01
2.249218973517417908e+01
2.174297446012496948e+01
2.176604679226875305e+01
2.187129107117652893e+01
2.178656834363937378e+01
2.078517085313796997e+01
2.128938564658164978e+01
2.055343294143676758e+01
2.243183574080467224e+01
2.091425919532775879e+01
2.156763845682144165e+01
2.047014003992080688e+01
1.931824019551277161e+01
1.889422318339347839e+01
2.050551369786262512e+01
2.083651825785636902e+01
2.023775422573089600e+01
2.091057077050209045e+01
2.009327355027198792e+01
2.056566399335861206e+01
1.925471475720405579e+01
1.850276622176170349e+01
1.868527999520301819e+01
1.938512334227561951e+01
1.851156219840049744e+01
1.813606432080268860e+01
