2.398759174346923828e+01
1.777807736396789551e+01
1.603407979011535645e+01
1.608643114566802979e+01
1.590315932035446167e+01
1.545465791225433350e+01
1.556410014629364014e+01
1.574431312084197998e+01
1.491161632537841797e+01
1.515368413925170898e+01
1.431126904487609863e+01
1.431427735090255737e+01
1.378280544281005859e+01
1.334047275781631470e+01
1.334483963251113892e+01
1.258270448446273804e+01
1.238917946815490723e+01
1.236657464504241943e+01
1.169872343540191650e+01
1.122197973728179932e+01
1.056134492158889771e+01
1.028767031431198120e+01
1.079618972539901733e+01
1.041781717538833618e+01
1.015483903884887695e+01
9.628239154815673828e+00
1.025026160478591919e+01
9.528508663177490234e+00
9.255492210388183594e+00
9.141598463058471680e+00
9.819067001342773438e+00
8.646816134452819824e+00
9.232026934623718262e+00
8.554844558238983154e+00
8.967025876045227051e+00
8.426528632640838623e+00
8.552540540695190430e+00
9.006937205791473389e+00
8.796771347522735596e+00
8.338456332683563232e+00
9.174436867237091064e+00
8.798844158649444580e+00
8.493873298168182373e+00
8.325143516063690186e+00
8.976374149322509766e+00
8.788742423057556152e+00
8.862637102603912354e+00
8.527962505817413330e+00
8.300085842609405518e+00
8.742955923080444336e+00
8.456021428108215332e+00
8.046940267086029053e+00
8.686592042446136475e+00
7.871639490127563477e+00
8.268989682197570801e+00
8.692976772785186768e+00
8.051597714424133301e+00
8.012889623641967773e+00
8.406550586223602295e+00
8.792734384536743164e+00
8.564483761787414551e+00
8.066236257553100586e+00
7.773811697959899902e+00
7.902082443237304688e+00
7.657682240009307861e+00
7.837733387947082520e+00
8.124092698097229004e+00
8.141102075576782227e+00
7.862515926361083984e+00
7.936029672622680664e+00
7.777954578399658203e+00
7.827006995677947998e+00
7.469006001949310303e+00
7.430040895938873291e+00
7.554060518741607666e+00
7.271487593650817871e+00
7.262847840785980225e+00
7.502773702144622803e+00
7.405591607093811035e+00
7.056089878082275391e+00
7.266431748867034912e+00
6.964844703674316406e+00
7.825118601322174072e+00
7.248930573463439941e+00
7.542031764984130859e+00
7.146855592727661133e+00
6.542706787586212158e+00
6.469085156917572021e+00
7.248262822628021240e+00
7.332068383693695068e+00
7.144095897674560547e+00
7.420716345310211182e+00
7.090283334255218506e+00
7.291580796241760254e+00
6.780509650707244873e+00
6.527213633060455322e+00
