6.315172314643859863e-01
6.856036186218261719e-01
7.453615069389343262e-01
7.724361419677734375e-01
7.779380083084106445e-01
7.786853909492492676e-01
7.992098331451416016e-01
8.136551976203918457e-01
8.161582946777343750e-01
8.346769809722900391e-01
8.377370238304138184e-01
8.409176468849182129e-01
8.409097194671630859e-01
8.570382595062255859e-01
8.568183779716491699e-01
8.607524633407592773e-01
8.563699126243591309e-01
8.562485575675964355e-01
8.651998639106750488e-01
8.741033673286437988e-01
