3.636371344327926636e-02
4.022958874702453613e-02
4.108748584985733032e-02
4.176993668079376221e-02
4.212385416030883789e-02
4.278909415006637573e-02
4.306940361857414246e-02
4.319416731595993042e-02
4.340965673327445984e-02
4.446139186620712280e-02
4.482405632734298706e-02
4.537252336740493774e-02
4.577995836734771729e-02
4.614200815558433533e-02
4.662556201219558716e-02
4.693343490362167358e-02
4.716755077242851257e-02
4.760959744453430176e-02
4.777010157704353333e-02
4.795273393392562866e-02
