2.555073201656341553e+01
2.181635451316833496e+01
1.962585419416427612e+01
1.843730169534683228e+01
1.709999662637710571e+01
1.688188797235488892e+01
1.628667825460433960e+01
1.572473466396331787e+01
1.609716010093688965e+01
1.598153573274612427e+01
1.540745777718257159e+01
1.535270193323958665e+01
1.535226690652780235e+01
1.499330243933945894e+01
1.459472274594008923e+01
1.491365012852475047e+01
1.515614032140001655e+01
1.446227117069065571e+01
1.438994022179394960e+01
1.561175632849335670e+01
1.540296051651239395e+01
1.512503880634903908e+01
1.592855079844594002e+01
1.522053700126707554e+01
1.564734728634357452e+01
1.626570312306284904e+01
1.707261841371655464e+01
1.795011446252465248e+01
1.740628382191061974e+01
1.694297143816947937e+01
1.791617759689688683e+01
1.799744614586234093e+01
1.860303556546568871e+01
1.839794529601931572e+01
1.803472217172384262e+01
1.893962982296943665e+01
1.783517244458198547e+01
1.711463308334350586e+01
1.758135265111923218e+01
1.757248491048812866e+01
1.657668983936309814e+01
1.695038098096847534e+01
1.647749379277229309e+01
1.601845800876617432e+01
1.690466850996017456e+01
1.628360411524772644e+01
1.566434049606323242e+01
1.635197877883911133e+01
1.557796642184257507e+01
1.558417969942092896e+01
1.536070084571838379e+01
1.480851897597312927e+01
1.537333491444587708e+01
1.552339124679565430e+01
1.479170161485671997e+01
1.504859519004821777e+01
1.491229939460754395e+01
1.442669001221656799e+01
1.391348576545715332e+01
1.432633721828460693e+01
1.355999249219894409e+01
1.399249255657196045e+01
1.321156594157218933e+01
1.288426187634468079e+01
1.260923513770103455e+01
1.331265065073966980e+01
1.235285386443138123e+01
1.198505395650863647e+01
1.243758505582809448e+01
1.229337733983993530e+01
1.183193367719650269e+01
1.192246252298355103e+01
1.136666572093963623e+01
1.193993607163429260e+01
1.216582876443862915e+01
1.194866925477981567e+01
1.108600890636444092e+01
1.129366609454154968e+01
1.088306641578674316e+01
1.127739837765693665e+01
1.118693864345550537e+01
1.139758953452110291e+01
1.134869053959846497e+01
1.082686197757720947e+01
1.094573819637298584e+01
9.989761441946029663e+00
1.014594590663909912e+01
1.062321907281875610e+01
1.074168792366981506e+01
1.031154119968414307e+01
9.883669018745422363e+00
9.307539641857147217e+00
1.038526517152786255e+01
1.087760105729103088e+01
9.653094738721847534e+00
1.008389472961425781e+01
9.303144603967666626e+00
9.305287539958953857e+00
8.809616714715957642e+00
9.833030819892883301e+00
