5.340271592140197754e-01
4.791568815708160400e-01
4.194048047065734863e-01
4.147754609584808350e-01
4.318685531616210938e-01
4.361631870269775391e-01
4.641892015933990479e-01
4.829539954662322998e-01
5.099610090255737305e-01
4.658732414245605469e-01
4.771966040134429932e-01
4.699878692626953125e-01
4.948973357677459717e-01
5.023433566093444824e-01
5.003750920295715332e-01
4.985053241252899170e-01
4.978755712509155273e-01
5.065070390701293945e-01
5.060307383537292480e-01
5.089014172554016113e-01
