8.647472620010375977e+00
1.241023445129394531e+01
1.126910477876663208e+01
1.090492773056030273e+01
1.018930065631866455e+01
9.006250500679016113e+00
8.585671305656433105e+00
8.224424719810485840e+00
8.468516469001770020e+00
8.510634601116180420e+00
7.954214215278625488e+00
8.019214272499084473e+00
7.754416465759277344e+00
7.540109038352966309e+00
7.352289021015167236e+00
7.576243162155151367e+00
7.739791035652160645e+00
7.165149152278900146e+00
7.004764854907989502e+00
7.444806933403015137e+00
6.858722746372222900e+00
6.120829939842224121e+00
6.437023758888244629e+00
5.793905735015869141e+00
5.823157072067260742e+00
5.639108538627624512e+00
5.706924617290496826e+00
5.425702035427093506e+00
4.953123688697814941e+00
4.656960308551788330e+00
4.873224079608917236e+00
4.646599650382995605e+00
4.692694067955017090e+00
4.590687811374664307e+00
4.514652609825134277e+00
4.772482097148895264e+00
4.391492068767547607e+00
4.249813199043273926e+00
4.333067536354064941e+00
4.316018581390380859e+00
4.178017616271972656e+00
4.187812089920043945e+00
4.194918811321258545e+00
4.047916412353515625e+00
4.433093070983886719e+00
4.344292461872100830e+00
4.147682189941406250e+00
4.542685389518737793e+00
4.133322894573211670e+00
4.295707345008850098e+00
4.173999071121215820e+00
4.041675508022308350e+00
4.336448013782501221e+00
4.360391378402709961e+00
4.159737586975097656e+00
4.430450320243835449e+00
4.406764388084411621e+00
4.061788022518157959e+00
3.852767109870910645e+00
4.309862971305847168e+00
3.953814983367919922e+00
4.207200884819030762e+00
3.867690622806549072e+00
3.921934425830841064e+00
3.936637818813323975e+00
4.118155777454376221e+00
3.908994257450103760e+00
3.750277519226074219e+00
4.071835994720458984e+00
3.930803537368774414e+00
3.739434599876403809e+00
3.890580415725708008e+00
3.696806073188781738e+00
4.037406384944915771e+00
4.242549180984497070e+00
4.040754437446594238e+00
3.740926265716552734e+00
3.890049636363983154e+00
3.580632090568542480e+00
4.067359268665313721e+00
3.912070870399475098e+00
4.096169769763946533e+00
4.103854715824127197e+00
3.946704864501953125e+00
3.896485209465026855e+00
3.696574151515960693e+00
3.742653727531433105e+00
3.856249332427978516e+00
3.995740234851837158e+00
3.906458020210266113e+00
3.768751978874206543e+00
3.516927242279052734e+00
4.004675269126892090e+00
4.196721732616424561e+00
3.772113621234893799e+00
3.775666594505310059e+00
