4.034736156463623047e-01
6.066061854362487793e-01
7.479740381240844727e-01
7.851836681365966797e-01
7.706601619720458984e-01
8.001557588577270508e-01
8.122596144676208496e-01
8.191267848014831543e-01
8.338187932968139648e-01
8.229658603668212891e-01
8.218539953231811523e-01
8.436998724937438965e-01
8.431576490402221680e-01
7.972998619079589844e-01
8.504477739334106445e-01
8.502821922302246094e-01
8.535487651824951172e-01
8.558510541915893555e-01
8.663594722747802734e-01
8.721005916595458984e-01
