4.839226603507995605e-01
6.210499405860900879e-01
6.304621100425720215e-01
6.969438195228576660e-01
7.021080851554870605e-01
7.182577252388000488e-01
7.225323915481567383e-01
7.405831813812255859e-01
7.614730596542358398e-01
7.773702144622802734e-01
7.942500114440917969e-01
7.989693284034729004e-01
7.837397456169128418e-01
8.011634945869445801e-01
8.230783343315124512e-01
8.413131833076477051e-01
8.457630276679992676e-01
8.068493604660034180e-01
8.333447575569152832e-01
8.226376771926879883e-01
