3.996461164951324463e+01
3.166712772846221924e+01
2.966482013463973999e+01
2.744001758098602295e+01
2.653165286779403687e+01
2.540251529216766357e+01
2.453700989484786987e+01
2.473036032915115356e+01
2.397854238748550415e+01
2.326797950267791748e+01
2.266312366724014282e+01
2.219022345542907715e+01
2.139710402488708496e+01
2.108071660995483398e+01
2.110295081138610840e+01
2.021839559078216553e+01
2.029078918695449829e+01
2.040131193399429321e+01
1.980074769258499146e+01
1.930541092157363892e+01
1.862157630920410156e+01
1.856103229522705078e+01
1.868065237998962402e+01
1.814799612760543823e+01
1.766187471151351929e+01
1.784694719314575195e+01
1.766537988185882568e+01
1.735201710462570190e+01
1.685524755716323853e+01
1.652460944652557373e+01
1.647843307256698608e+01
1.576733416318893433e+01
1.633051300048828125e+01
1.542296099662780762e+01
1.569970488548278809e+01
1.503470003604888916e+01
1.526095753908157349e+01
1.472700548171997070e+01
1.594975042343139648e+01
1.482631033658981323e+01
1.468195790052413940e+01
1.424528944492340088e+01
1.413504254817962646e+01
1.429416865110397339e+01
1.375631892681121826e+01
1.342406666278839111e+01
1.363556730747222900e+01
1.358201241493225098e+01
1.347231894731521606e+01
1.333278119564056396e+01
1.290912556648254395e+01
1.275408184528350830e+01
1.241386598348617554e+01
1.239235466718673706e+01
1.185132372379302979e+01
1.242192918062210083e+01
1.227245974540710449e+01
1.151049703359603882e+01
1.205965989828109741e+01
1.173151034116744995e+01
1.183720886707305908e+01
1.164237630367279053e+01
1.133526134490966797e+01
1.109716850519180298e+01
1.127709144353866577e+01
1.104026526212692261e+01
1.142097002267837524e+01
1.128731495141983032e+01
1.168213373422622681e+01
1.120335555076599121e+01
1.111106204986572266e+01
1.047088301181793213e+01
1.053101330995559692e+01
1.043410748243331909e+01
1.096869611740112305e+01
1.042230516672134399e+01
1.036996185779571533e+01
1.051588058471679688e+01
9.888760089874267578e+00
1.037325280904769897e+01
1.023523104190826416e+01
9.896869540214538574e+00
9.931980907917022705e+00
9.812050342559814453e+00
9.889120638370513916e+00
1.020946186780929565e+01
9.585145115852355957e+00
9.462376296520233154e+00
9.486068785190582275e+00
9.783079028129577637e+00
9.664544701576232910e+00
9.922130703926086426e+00
9.574618875980377197e+00
9.402934551239013672e+00
9.425721943378448486e+00
9.151271820068359375e+00
