4.358405005931854248e+01
3.595160371065139771e+01
3.287924301624298096e+01
3.260298645496368408e+01
3.171397185325622559e+01
3.019873905181884766e+01
2.875636130571365356e+01
2.843059521913528442e+01
2.761923110485076904e+01
2.755338013172149658e+01
2.632015728950500488e+01
2.645391917228698730e+01
2.603371882438659668e+01
2.517442160844802856e+01
2.500211006402969360e+01
2.408181881904602051e+01
2.372869533300399780e+01
2.412777459621429443e+01
2.377540510892868042e+01
2.279963093996047974e+01
2.196329396963119507e+01
2.209265530109405518e+01
2.256571251153945923e+01
2.173639035224914551e+01
2.149336934089660645e+01
2.094178748130798340e+01
2.124434435367584229e+01
2.069599652290344238e+01
2.031097590923309326e+01
1.999983251094818115e+01
2.002347654104232788e+01
1.923626762628555298e+01
1.983959513902664185e+01
1.865827143192291260e+01
1.891626054048538208e+01
1.842477840185165405e+01
1.810230082273483276e+01
1.775302791595458984e+01
1.768930751085281372e+01
1.742570418119430542e+01
1.753368890285491943e+01
1.718533259630203247e+01
1.651439833641052246e+01
1.604829859733581543e+01
1.657748848199844360e+01
1.656620210409164429e+01
1.626883363723754883e+01
1.606417202949523926e+01
1.543509906530380249e+01
1.553454971313476562e+01
1.505008512735366821e+01
1.479789000749588013e+01
1.523151385784149170e+01
1.399954909086227417e+01
1.431743234395980835e+01
1.439672917127609253e+01
1.380845206975936890e+01
1.341080677509307861e+01
1.348329704999923706e+01
1.398744189739227295e+01
1.378999811410903931e+01
1.285604816675186157e+01
1.274383437633514404e+01
1.279844188690185547e+01
1.219819527864456177e+01
1.223728418350219727e+01
1.198743790388107300e+01
1.212866419553756714e+01
1.208310568332672119e+01
1.218458724021911621e+01
1.162935805320739746e+01
1.150014352798461914e+01
1.105139195919036865e+01
1.097129547595977783e+01
1.116109895706176758e+01
1.083574306964874268e+01
1.087177503108978271e+01
1.061713051795959473e+01
1.067818093299865723e+01
1.020103603601455688e+01
1.038973802328109741e+01
1.010616588592529297e+01
1.069415783882141113e+01
1.004086333513259888e+01
1.025459080934524536e+01
9.749856650829315186e+00
9.504180014133453369e+00
9.190595448017120361e+00
9.633119463920593262e+00
9.838415682315826416e+00
9.521610379219055176e+00
9.779496252536773682e+00
9.457848548889160156e+00
9.628292798995971680e+00
9.083950281143188477e+00
8.711945772171020508e+00
