5.576844215393066406e-01
4.011687934398651123e-01
4.078437387943267822e-01
4.566737413406372070e-01
4.987909197807312012e-01
4.578843712806701660e-01
4.746063649654388428e-01
4.814759790897369385e-01
4.945424199104309082e-01
4.711319208145141602e-01
4.756316542625427246e-01
4.799131155014038086e-01
4.767965376377105713e-01
4.749323427677154541e-01
4.937607049942016602e-01
4.956554472446441650e-01
4.836467504501342773e-01
4.958466589450836182e-01
4.862308204174041748e-01
4.995963573455810547e-01
