1.815786361694335938e-01
2.075222283601760864e-01
2.123385667800903320e-01
2.177795767784118652e-01
2.187457382678985596e-01
2.226367741823196411e-01
2.237935066223144531e-01
2.265817373991012573e-01
2.281142324209213257e-01
2.296413481235504150e-01
2.311834841966629028e-01
2.328592836856842041e-01
2.337338179349899292e-01
2.351697236299514771e-01
2.359439879655838013e-01
2.371582686901092529e-01
2.373844385147094727e-01
2.380297780036926270e-01
2.388347238302230835e-01
2.395576387643814087e-01
