4.034719169139862061e-01
4.879559576511383057e-01
5.324423313140869141e-01
5.909682512283325195e-01
5.939140319824218750e-01
6.292601227760314941e-01
6.020292043685913086e-01
6.367708444595336914e-01
6.650735735893249512e-01
6.318338513374328613e-01
6.651715040206909180e-01
6.708960533142089844e-01
6.720440387725830078e-01
6.458410620689392090e-01
6.924331188201904297e-01
6.841156482696533203e-01
7.107715010643005371e-01
6.848001480102539062e-01
7.155336737632751465e-01
7.167026996612548828e-01
