2.555073201656341553e+01
2.181635451316833496e+01
1.962585419416427612e+01
1.843730169534683228e+01
1.709999662637710571e+01
1.688188797235488892e+01
1.628667825460433960e+01
1.572473466396331787e+01
1.609716010093688965e+01
1.598153573274612427e+01
1.532706516981124878e+01
1.523275369405746460e+01
1.518333715200424194e+01
1.475786226987838745e+01
1.427088838815689087e+01
1.445041358470916748e+01
1.450962609052658081e+01
1.365758752822875977e+01
1.334907138347625732e+01
1.417126852273941040e+01
1.370235162973403931e+01
1.321110111474990845e+01
1.343044835329055786e+01
1.247418969869613647e+01
1.232952815294265747e+01
1.246498072147369385e+01
1.259475767612457275e+01
1.307271409034729004e+01
1.238601493835449219e+01
1.170555657148361206e+01
1.193138986825942993e+01
1.186495643854141235e+01
1.205299061536788940e+01
1.172877830266952515e+01
1.131670302152633667e+01
1.178090667724609375e+01
1.124793434143066406e+01
1.073991328477859497e+01
1.108175134658813477e+01
1.109845703840255737e+01
1.030966341495513916e+01
1.066866284608840942e+01
1.018511557579040527e+01
9.946583390235900879e+00
1.025502890348434448e+01
9.767165422439575195e+00
9.442817211151123047e+00
9.537950694561004639e+00
9.377982079982757568e+00
9.140618681907653809e+00
9.099702239036560059e+00
8.746005713939666748e+00
8.868662893772125244e+00
8.982804179191589355e+00
8.552095234394073486e+00
8.402919709682464600e+00
8.302152812480926514e+00
8.334007978439331055e+00
8.134335100650787354e+00
7.861542761325836182e+00
7.629270017147064209e+00
7.681691229343414307e+00
7.410030007362365723e+00
7.001360237598419189e+00
6.704278409481048584e+00
7.135416984558105469e+00
6.489362478256225586e+00
6.359637677669525146e+00
6.329831063747406006e+00
6.397172033786773682e+00
6.222781777381896973e+00
6.086591899394989014e+00
5.821456611156463623e+00
5.883826494216918945e+00
5.802004992961883545e+00
5.887537598609924316e+00
5.474619507789611816e+00
5.458591639995574951e+00
5.512118279933929443e+00
5.176359474658966064e+00
5.318832337856292725e+00
5.253334879875183105e+00
5.192908465862274170e+00
4.906804680824279785e+00
5.101010382175445557e+00
4.444900214672088623e+00
4.531965315341949463e+00
4.838845074176788330e+00
4.748077571392059326e+00
4.451854169368743896e+00
4.230541050434112549e+00
4.032148778438568115e+00
4.378252267837524414e+00
4.582518458366394043e+00
3.994924306869506836e+00
4.420394837856292725e+00
