1.832414925098419189e+00
1.764149725437164307e+00
1.691493690013885498e+00
1.774263143539428711e+00
1.680017530918121338e+00
1.658380866050720215e+00
1.499121963977813721e+00
1.358059763908386230e+00
1.292005479335784912e+00
1.291703045368194580e+00
1.37385714
1.089311182498931885e+00
1.022495090961456299e+00
9.508608579635620117e-01
9.140373468399047852e-01
9.639801383018493652e-01
9.368839859962463379e-01
8.725181818008422852e-01
9.069208502769470215e-01
1.106232881546020508e+00
1.040500342845916748e+00
9.349454045295715332e-01
9.412388205528259277e-01
8.701989650726318359e-01
8.816831707954406738e-01
8.632818460464477539e-01
9.280244112014770508e-01
8.354539871215820312e-01
8.416383862495422363e-01
7.841785550117492676e-01
9.415904283523559570e-01
9.560633301734924316e-01
8.848747014999389648e-01
9.410543441772460938e-01
8.456592559814453125e-01
8.633352518081665039e-01
7.866458892822265625e-01
8.082603216171264648e-01
9.520532488822937012e-01
8.483990430831909180e-01
7.674045562744140625e-01
8.281329870223999023e-01
8.507885336875915527e-01
8.066723346710205078e-01
7.608940005302429199e-01
8.264909386634826660e-01
8.956574201583862305e-01
7.986986637115478516e-01
8.062197566032409668e-01
9.224514961242675781e-01
7.777184844017028809e-01
1.007536172866821289e+00
9.208587408065795898e-01
1.072160124778747559e+00
7.933377623558044434e-01
8.538244962692260742e-01
8.075296282768249512e-01
7.713005542755126953e-01
7.661371827125549316e-01
7.794202566146850586e-01
8.060113787651062012e-01
8.011573553085327148e-01
8.526009321212768555e-01
7.147058248519897461e-01
8.140315413475036621e-01
7.169820666313171387e-01
7.852589488029479980e-01
6.731763482093811035e-01
7.388993501663208008e-01
7.727281451225280762e-01
6.944605708122253418e-01
6.476945281028747559e-01
8.084019422531127930e-01
7.573799490928649902e-01
6.916099190711975098e-01
7.169569730758666992e-01
7.556103467941284180e-01
7.102535963058471680e-01
7.339965701103210449e-01
6.338805556297302246e-01
6.299169659614562988e-01
6.291992068290710449e-01
5.901976823806762695e-01
6.470673680305480957e-01
6.323890686035156250e-01
5.590181350708007812e-01
6.515173912048339844e-01
6.333191990852355957e-01
