4.372779315710067749e+01
3.576443707942962646e+01
3.411418282985687256e+01
3.233202892541885376e+01
3.183525490760803223e+01
3.172252464294433594e+01
3.118743813037872314e+01
3.026996624469757080e+01
3.043631225824356079e+01
2.970379632711410522e+01
2.870872741937637329e+01
2.819765108823776245e+01
2.932603508234024048e+01
2.746933680772781372e+01
2.784343248605728149e+01
2.818526351451873779e+01
2.646308314800262451e+01
2.630040776729583740e+01
2.516866374015808105e+01
2.560392552614212036e+01
2.436474961042404175e+01
2.448053425550460815e+01
2.440194636583328247e+01
2.349135285615921021e+01
2.322184151411056519e+01
2.280209767818450928e+01
2.213286656141281128e+01
2.288721954822540283e+01
2.231552493572235107e+01
2.194350177049636841e+01
2.176415646076202393e+01
2.094325178861618042e+01
2.057487404346466064e+01
2.065520352125167847e+01
2.042152577638626099e+01
1.960302215814590454e+01
2.044934844970703125e+01
1.914460587501525879e+01
1.793869811296463013e+01
1.815581119060516357e+01
1.825540703535079956e+01
1.916902351379394531e+01
1.751840960979461670e+01
1.712891316413879395e+01
1.644458150863647461e+01
1.669162178039550781e+01
1.663825500011444092e+01
1.569786852598190308e+01
1.568947762250900269e+01
1.575268232822418213e+01
1.554196768999099731e+01
1.504136246442794800e+01
1.520492225885391235e+01
1.434937053918838501e+01
1.390095138549804688e+01
1.361513543128967285e+01
1.301595252752304077e+01
1.283381241559982300e+01
1.316127926111221313e+01
1.312618708610534668e+01
1.272448217868804932e+01
1.239970242977142334e+01
1.230182665586471558e+01
1.215971899032592773e+01
1.199552124738693237e+01
1.181909722089767456e+01
1.156689554452896118e+01
1.116321742534637451e+01
1.126951545476913452e+01
1.113332980871200562e+01
1.062647461891174316e+01
1.038672053813934326e+01
1.071670979261398315e+01
1.055609095096588135e+01
1.062080907821655273e+01
1.032400035858154297e+01
9.414207518100738525e+00
9.992993295192718506e+00
9.751389801502227783e+00
9.979015111923217773e+00
9.306716620922088623e+00
9.261646568775177002e+00
9.744821250438690186e+00
9.089027166366577148e+00
9.015461444854736328e+00
8.993020892143249512e+00
8.628969252109527588e+00
8.419658839702606201e+00
8.912288844585418701e+00
9.456512212753295898e+00
8.832392513751983643e+00
8.660760283470153809e+00
8.921650290489196777e+00
8.726217627525329590e+00
8.174036860466003418e+00
7.789812505245208740e+00
