7.627554982900619507e-02
7.972983270883560181e-02
8.169704675674438477e-02
8.306719362735748291e-02
8.465491235256195068e-02
8.529353141784667969e-02
8.605360984802246094e-02
8.681832253932952881e-02
8.762393146753311157e-02
8.845663070678710938e-02
8.923874050378799438e-02
8.991083502769470215e-02
9.077288955450057983e-02
9.091037511825561523e-02
9.166194498538970947e-02
9.180935472249984741e-02
9.252995997667312622e-02
9.255633503198623657e-02
9.263708442449569702e-02
9.300603717565536499e-02
