2.151018267869949341e+01
1.827774441242218018e+01
1.693420058488845825e+01
1.586993032693862915e+01
1.587965404987335205e+01
1.656580960750579834e+01
1.585289001464843750e+01
1.558767402172088623e+01
1.536867076158523560e+01
1.551929301023483276e+01
1.478218579292297363e+01
1.560294890403747559e+01
1.546381700038909912e+01
1.472773796319961548e+01
1.520223468542098999e+01
1.475614511966705322e+01
1.384632772207260132e+01
1.344965308904647827e+01
1.286255210638046265e+01
1.286828857660293579e+01
1.230667728185653687e+01
1.198839867115020752e+01
1.185688579082489014e+01
1.168273419141769409e+01
1.145706307888031006e+01
1.091133803129196167e+01
1.087194210290908813e+01
1.103918385505676270e+01
1.092003315687179565e+01
1.052824467420578003e+01
1.028681176900863647e+01
1.002702444791793823e+01
1.052228099107742310e+01
1.060580980777740479e+01
1.062270009517669678e+01
9.979123473167419434e+00
1.048786091804504395e+01
1.034820997714996338e+01
1.026569372415542603e+01
1.022971528768539429e+01
1.051787680387496948e+01
1.068118584156036377e+01
1.038368266820907593e+01
1.023913925886154175e+01
1.022549790143966675e+01
1.036900657415390015e+01
1.058436381816864014e+01
1.020794367790222168e+01
1.022905063629150391e+01
1.035021394491195679e+01
1.046643191576004028e+01
1.017824542522430420e+01
1.049023640155792236e+01
1.035007202625274658e+01
1.012590384483337402e+01
1.037140518426895142e+01
1.009309303760528564e+01
1.005815631151199341e+01
1.016004246473312378e+01
1.023608261346817017e+01
1.054941463470458984e+01
1.024436104297637939e+01
1.001860642433166504e+01
9.777268886566162109e+00
1.052634394168853760e+01
1.009589469432830811e+01
1.052348655462265015e+01
1.006038057804107666e+01
9.907882273197174072e+00
1.011839967966079712e+01
1.018557822704315186e+01
9.939200282096862793e+00
1.005560147762298584e+01
1.036366933584213257e+01
1.016409993171691895e+01
9.686434924602508545e+00
9.832469582557678223e+00
9.971360564231872559e+00
9.692053079605102539e+00
9.957126438617706299e+00
9.682654857635498047e+00
9.656169652938842773e+00
1.002710062265396118e+01
9.746653199195861816e+00
9.781929135322570801e+00
9.588917076587677002e+00
9.589122772216796875e+00
9.085969269275665283e+00
9.684901714324951172e+00
1.017702525854110718e+01
9.894572138786315918e+00
9.748485565185546875e+00
9.773074328899383545e+00
9.817872703075408936e+00
9.418701887130737305e+00
9.085145831108093262e+00
