4.372779315710067749e+01
3.576443707942962646e+01
3.411418282985687256e+01
3.233202892541885376e+01
3.183525490760803223e+01
3.172252464294433594e+01
3.134766211034730077e+01
3.050312067905906588e+01
3.077111838443670422e+01
3.018838689243420959e+01
2.935981435165740550e+01
2.915166699932888150e+01
3.061774660088121891e+01
2.912333874776959419e+01
3.010239936783909798e+01
3.104041436966508627e+01
2.989625707641243935e+01
3.050601373612880707e+01
3.016040753945708275e+01
3.170357423648238182e+01
3.137663822434842587e+01
3.256063661351799965e+01
3.370529032126069069e+01
3.399347266927361488e+01
3.483421800285577774e+01
3.507345074787735939e+01
3.548465659469366074e+01
3.745651490241289139e+01
3.755766676366329193e+01
3.723851307481527328e+01
3.707142454385757446e+01
3.598378846049308777e+01
3.635829553008079529e+01
3.656391820311546326e+01
3.635557591915130615e+01
3.457170736789703369e+01
3.618113985657691956e+01
3.466692081093788147e+01
3.333723869919776917e+01
3.350038412213325500e+01
3.403222224116325378e+01
3.519080227613449097e+01
3.309393361210823059e+01
3.248762205243110657e+01
3.178282836079597473e+01
3.224513164162635803e+01
3.251480072736740112e+01
3.100978404283523560e+01
3.103305357694625854e+01
3.127800324559211731e+01
3.124161556363105774e+01
3.030873060226440430e+01
3.094027686119079590e+01
2.987447857856750488e+01
2.908980715274810791e+01
2.917224320769309998e+01
2.815559208393096924e+01
2.792104688286781311e+01
2.840134295821189880e+01
2.848031100630760193e+01
2.854860413074493408e+01
2.776624399423599243e+01
2.732973629236221313e+01
2.682562232017517090e+01
2.778503715991973877e+01
2.696293926239013672e+01
2.735212537646293640e+01
2.625378829240798950e+01
2.613133886456489563e+01
2.631092932820320129e+01
2.590484195947647095e+01
2.529552096128463745e+01
2.580011200904846191e+01
2.610159495472908020e+01
2.586695897579193115e+01
2.485365274548530579e+01
2.416291189193725586e+01
2.495003414154052734e+01
2.428946942090988159e+01
2.491470476984977722e+01
2.383069890737533569e+01
2.374590104818344116e+01
2.478547218441963196e+01
2.370900696516036987e+01
2.368835514783859253e+01
2.337639653682708740e+01
2.301265341043472290e+01
2.204861274361610413e+01
2.343964141607284546e+01
2.472205010056495667e+01
2.367425072193145752e+01
2.328348863124847412e+01
2.358126178383827209e+01
2.345302668213844299e+01
2.230208969116210938e+01
2.141753125190734863e+01
