4.044036269187927246e-01
3.795171082019805908e-01
3.872632980346679688e-01
4.326614439487457275e-01
4.660712778568267822e-01
4.237723648548126221e-01
4.433539509773254395e-01
4.487660527229309082e-01
4.615211784839630127e-01
4.455350935459136963e-01
4.251772165298461914e-01
4.325668215751647949e-01
4.350822269916534424e-01
4.183126389980316162e-01
4.305110275745391846e-01
4.150220155715942383e-01
4.312140941619873047e-01
4.190826117992401123e-01
4.088490307331085205e-01
4.118493497371673584e-01
