0.000000000000000000e+00
0.000000000000000000e+00
0.000000000000000000e+00
0.000000000000000000e+00
0.000000000000000000e+00
0.000000000000000000e+00
1.010692049862819963e-02
1.495761279206469889e-02
2.178497227906033354e-02
3.122504156295881003e-02
4.404537652154899563e-02
6.114330596754931346e-02
8.353121439490492073e-02
1.123052249178896761e-01
1.485943911701210207e-01
1.934889465547791065e-01
2.479483323323798394e-01
3.126925336344472672e-01
3.880834473894601011e-01
4.740061930377938437e-01
5.697629442770681951e-01
6.739934461758323447e-01
7.846363696537512755e-01
8.989436817683078562e-01
1.013556170940939083e+00
1.124642388358561895e+00
1.228096129616973009e+00
1.319780068716965626e+00
1.395796343716808607e+00
1.452759873118796285e+00
1.488047872255590987e+00
1.500000000000000000e+00
1.500000000000000000e+00
1.500000000000000000e+00
1.500000000000000000e+00
1.500000000000000000e+00
1.500000000000000000e+00
1.500000000000000000e+00
1.500000000000000000e+00
1.500000000000000000e+00
1.500000000000000000e+00
1.500000000000000000e+00
1.500000000000000000e+00
1.500000000000000000e+00
1.500000000000000000e+00
1.500000000000000000e+00
1.500000000000000000e+00
1.500000000000000000e+00
1.500000000000000000e+00
1.500000000000000000e+00
1.500000000000000000e+00
1.500000000000000000e+00
1.500000000000000000e+00
1.500000000000000000e+00
1.500000000000000000e+00
1.500000000000000000e+00
1.500000000000000000e+00
1.500000000000000000e+00
1.500000000000000000e+00
1.500000000000000000e+00
1.500000000000000000e+00
1.500000000000000000e+00
1.500000000000000000e+00
1.500000000000000000e+00
1.500000000000000000e+00
1.500000000000000000e+00
1.500000000000000000e+00
1.500000000000000000e+00
1.500000000000000000e+00
1.500000000000000000e+00
1.500000000000000000e+00
1.500000000000000000e+00
1.500000000000000000e+00
1.500000000000000000e+00
1.500000000000000000e+00
1.500000000000000000e+00
1.500000000000000000e+00
1.500000000000000000e+00
1.500000000000000000e+00
1.500000000000000000e+00
1.500000000000000000e+00
1.500000000000000000e+00
1.500000000000000000e+00
1.500000000000000000e+00
1.500000000000000000e+00
1.500000000000000000e+00
1.500000000000000000e+00
1.500000000000000000e+00
1.500000000000000000e+00
1.500000000000000000e+00
1.500000000000000000e+00
1.500000000000000000e+00
1.500000000000000000e+00
1.500000000000000000e+00
1.500000000000000000e+00
1.500000000000000000e+00
