4.112336516380310059e+00
3.785514771938323975e+00
3.559023141860961914e+00
3.989105880260467529e+00
3.674298584461212158e+00
3.753114998340606689e+00
3.404945373535156250e+00
3.342606246471405029e+00
3.334239840507507324e+00
3.407049715518951416e+00
3.353275418281555176e+00
3.343489706516265869e+00
3.295696854591369629e+00
3.247424721717834473e+00
3.254928231239318848e+00
3.159753262996673584e+00
3.205124855041503906e+00
3.439023077487945557e+00
3.170747458934783936e+00
3.092511236667633057e+00
3.013485610485076904e+00
3.237737894058227539e+00
2.997272372245788574e+00
2.980738639831542969e+00
3.154751360416412354e+00
3.082643449306488037e+00
3.029130220413208008e+00
2.974519670009613037e+00
2.845691740512847900e+00
2.736682236194610596e+00
2.776672661304473877e+00
2.990575611591339111e+00
2.835479021072387695e+00
2.828114688396453857e+00
2.903770864009857178e+00
2.651326477527618408e+00
2.704758286476135254e+00
2.731800615787506104e+00
2.680456697940826416e+00
2.519759297370910645e+00
2.556316673755645752e+00
2.422943532466888428e+00
2.506386816501617432e+00
2.458949327468872070e+00
2.552899301052093506e+00
2.588711023330688477e+00
2.642476618289947510e+00
2.404818236827850342e+00
2.406516849994659424e+00
2.265624642372131348e+00
2.195554316043853760e+00
2.109304845333099365e+00
2.154891908168792725e+00
2.094268321990966797e+00
2.028138339519500732e+00
2.112200796604156494e+00
2.227351367473602295e+00
2.139696776866912842e+00
2.237604200839996338e+00
2.217925369739532471e+00
2.088730812072753906e+00
2.028799235820770264e+00
2.149974167346954346e+00
2.070114731788635254e+00
1.904661715030670166e+00
1.807725787162780762e+00
1.898107469081878662e+00
1.837133288383483887e+00
1.779707729816436768e+00
1.888445556163787842e+00
1.755206823348999023e+00
1.805679500102996826e+00
1.772150397300720215e+00
1.854884207248687744e+00
1.770685076713562012e+00
1.769503355026245117e+00
1.854609370231628418e+00
1.827952623367309570e+00
2.108726263046264648e+00
1.809676408767700195e+00
1.739040493965148926e+00
1.750425338745117188e+00
1.499307751655578613e+00
1.418305635452270508e+00
1.427844583988189697e+00
1.539266765117645264e+00
1.357491552829742432e+00
1.431079030036926270e+00
1.639325618743896484e+00
1.417067170143127441e+00
1.341064751148223877e+00
1.374747812747955322e+00
1.554749429225921631e+00
1.545352935791015625e+00
1.456468701362609863e+00
1.469711184501647949e+00
