5.842865109443664551e-01
6.265756487846374512e-01
6.525638103485107422e-01
6.502981185913085938e-01
6.693931221961975098e-01
6.697520017623901367e-01
7.039297819137573242e-01
7.131509184837341309e-01
6.862886548042297363e-01
7.043496966361999512e-01
7.556964159011840820e-01
7.647412419319152832e-01
7.780420780181884766e-01
7.903286814689636230e-01
7.772732377052307129e-01
7.301474213600158691e-01
8.111023902893066406e-01
8.154979348182678223e-01
8.303572535514831543e-01
8.374697566032409668e-01
