7.450949549674987793e-01
7.962807416915893555e-01
8.134651780128479004e-01
8.087006807327270508e-01
8.228319883346557617e-01
8.149641156196594238e-01
8.446196317672729492e-01
8.522759675979614258e-01
8.533452749252319336e-01
8.418806195259094238e-01
8.835766315460205078e-01
8.904660344123840332e-01
8.966130614280700684e-01
8.995825052261352539e-01
8.956416845321655273e-01
8.809643983840942383e-01
9.125470519065856934e-01
9.167428612709045410e-01
9.212381243705749512e-01
9.273350238800048828e-01
